0000000000000000000000000000000000000000000000000
0000000000000000000000000000000000000000000000000
0000000000000000000000000000000000000000000000000
0000000000000000000000000000000000000000000000000
0000000000000000000000000000000000000000000000000
0000000000000000000000000000000000000000000000000
0000000000000000000000000000000000000000000000000
0000000000000000000000000000000000000000000000000
0000000000000000000000000000000000000000000000000
0000000000000000000000000000000000000000000000000
0000000000000000000000000000000000000000000000000
0000000000000000000000000000000000000000000000000
0000000000000000000000000000000000011000000000000
0000000000000000000000000000000000011000000000000
0000000000000000000000000000000000000000000000000
0000000000000000000000000000000000000000000000000
0000000000000000000000000000000000000000000000000
0000000000000000000000000000000000000000000000000
0000000000000000000000000000000000000000000000000
0000000000000000000000000000000000000000000000000
0000000000000000000000000000000000000000000000000
0000000000000000000000000000000000111000000000000
0000000000000000000000000000000001000100000000000
0000000000000000000000000000000010000010000000000
0000000000000000000000000000000011010110000000000
0000000000000000000000000000000000000000000000000
0000000000000000000000000000000000000000000000000
0000000000000000000000000000000000010000000000000
0000000000000000000000000000000000101000000000000
0000000000000000000000000000000000101000000000000
0000000000000000000000000000000000011000000000000
0000000000000000000000000000000000000100000000000
0000000000000000000000000000000000001110000000000
0000000000000000000000000000000000010001000000000
0000000000000000000000000000000000101110100000000
0000000000000000000000000000000000011111000000000
0000000000000000000000000000000000000000000000000
0000000000000000000000000000000000000000000000000
0000000000000000000000000000000000000000000000000
0000000000000000000000000000000000000000000000000
0000000000000000000000000000000000000000000000000
0000000000000000000000000000000000000000000000000
0000000000000000000000000000000000000000000000000
0000000000000000000000000000000000000000000000000
0000000000000000000000000000000000000000000000000
0000000000000000000000000000000000000000000000000
0000000000000000000000000000000000001100000000000
0000000000000000000000000000000000001100000000000
0000000000000000000000000000000000000000000000000
0000000000000000000000000000000000000000000000000
