00000000000000000011000000000000000000101000000000010000000000000010100000000010000000000010000000000000000000000000000000010001001100000010000110010000101000000110100000000000000000000000001100111000
01000100001000100001000000100000010000000001000010010000000000000001100000010100000000000110000000000000000100000000000000100000000000000000000000000000000111000000010100000100100010000000000000000000
00000000010001010000000000100000000000000000100000000000010000000000000000001000010010001000000000010100000011010000000001000000010000000001100000000000001010001000000000001000101000000000010110010000
00000000000000000000001000100000000010000000000000000100010001000011000000000000000000000000100000000001000100000100000000000001100000000001000001000100101000000000000000000000000000100000001000100000
00000000001000000000100100100010000001000001000000000000010001001010000100101000000000000000000000000000000000000000100000000000000000010000000100000101000000100000000000000000000000100011000000000000
00000000000000010000000000000000100010000000000100010000000000001000000000000100000000010000000100000000000011010000101000000000000000000000000001000001000010010100010001000001000010000000000100000000
00000000000000000000000000000000000000000000000000000000000000000000000000000000010001000000000100000000000000011010000100000010000001010111000101000000100000001000000010000000000100110001000000000100
00010000000010010000000010000000000000000000010000000001000000000000100000000000000000000000001100000000010001000000001000000010001100000000000000000000000000000000001000001000000000010000000000100000
00000100010000010000000010110100011000000000000000000000000000000001000000101000000000000000001000000000001000000000011001000000000100000000010000000000100000101100100000000000011000000000000000000000
01000001000001100000000100101001000000010000010000101000000001010000000000000000000100000010000000000100000010000100000000010000000000000000000000000100000000000000000100000010000000000100000000000000
01000000000000010000000000000010100000100000010000010000000000100000000000000000000000000010001000000100100000000000000000010000000010000000100000001001000000000100000000000100000010000000000000010000
10000000100100000000000010000001000000000000000100000000000000000001000000000011001000000100010000110000000000000000100000010001000100000000000000000000000100010101000000000000000010000000000000001000
00000010100000000000011000001000000000000010100001001000011010000000000001011000000100000000000000100000000010001000000000100000000000000000000000101000001000010001000000000001010000000000000000000000
01100000000001000000000000011000000000000000110100011000000100110100000100000010001100010100100001000010000000000001000000000000000100010000000000000000000000100000000010000000000000000001100000000000
10010010000100000100000000001000000100000000000010000001000010000110000010010000101000110000001010100000000000010111000110000000001000000000001000000001000000000000000110000000000000100000000011000100
00110000000000101000100000010000010000000000000000000010000001000000000000100001100010000010000000000000000000000001000000001000000011000000000000010000100000100101100000000000000001000000000010000001
01000000000000000000001100000000000000010001001010001000010000001001001000000000000101000000010000000000000100000000000000000001001010000010000010001000000000000000000000000000000000000000100000010100
01000000000100000000000000000000000000001001000001000000000000100000000000000100000000000000001000000001100000000000000000000001000000001000001000001001000000000000010000000010010100010000000000000000
00010000000001000000000100100000001000000001000000000000000101001000000000000000000000001010000100000000000000000000000000000100010100000000000000000000001000000001000001001001000000110000000000000100
00100000001000011000001000001000000000000010000000100000000000101010000000000000010100010010000101100001001010000000010000000000100010001000100000100000010000000101000000101000000000010000000000000000
00000000000000000001000000010000100100000000000001001010000010010000010000000000010000000100101000000010000000000000100101100000000000000101101000011000000000001010000000100000000000000000000000100001
00100001100000010010111000001010000011000000000000000000100100001000101000000001000000000000010000100100000000000100000000000000001000000000001000000100000000000010000001000001000000000000000000000000
01110010000010000010100100000001000000000000000000000000000010000000001000000000010001000000000001001000000000100000000000000000000000000001000000000000000100000100000000000000000000000000000001010000
00100010000010000000010001000100000000000100000000100000000000000010000000010010000000000000001000000000100000000000010000000000010000000000000000000000000000010000000000010011000000000100000000000010
00000001000000100000000100000010000000001000000000000000000110000000000000000000100010001000100000000000100000000010000010000100000000000000000000001000000001000001010000000000000000001000000000000000
00000100000100000101010000000000000000000000000000100000010000000000000010000100000000000010000000000000000000100100010000000100000000010010100000000000000000010000001000101000000000000000000000000000
10000000000000010010010000100010000000000010101000110100000000000000000100000010000000000000001000000000000000110000000000000000010000010000000000000010000011000000000100000000010000100001000000000010
00000000001000010000010100010000001000010100000001000000000000100000000000000000000010100000000010000100100000001000000000000100000000010000010000000000000100000000000000001000110000000000110000000001
00001100000000000000000000000010000000000100000000000000000100000000000001000000000010100000000001000000000000100000000000011101000000010000100000000000000000000000001000000000100000000010000101000100
00000000000000000000000000000010000000001000000010000010001000000000000000000000010000000100000000000000000010000100000100000000011000000000000010001000001000000001000010000100100001000001100000000010
00100000000000000100001000001000001000110000010000000000000010100001000000010000000100100000000010000000000000000110001010000000000000001100000000000000001000100000101000100100010000000010100100000000
10000000000010000000000100110000000000000010000000000001001000010010010000000010000000000010000000000000100100000000000000000000010000000010000000000100000000000000000000011000000000100000000001010000
00000010100000000000000000010000100000000000010000100000001100000000000010110001000101000000100000000000000010000000000000000000001000100010000101000000000001100000000001101100000000000000000000000000
00010001000000000100101000000000000000000000000000000000000000100000010000000010000000000000000101000000000111001000000001000000010000000100100000100000010000000000001000000010000000000000010000000101
00000000000001100000000000000000000000100000100000010010000000000101000010000010000001000000000000010010000000000000000000000000010000000000000100000000000000100000000000000000010000000000000000101001
10000100000000000000000010000000000000000110000000000000000000000001000000000000101000000100000000000000010000000000001100010000000001000000010100000011000000001000001010000001000001000000001000100100
10100001000000000010011000000011010100010000000000000000010000100000010100000000000000000000000000010000100000100100100000000000000000101100000001100000000000000000010000000011000010000000000001000000
00000110000000010000000000000000000000000000000000001010100100000001000000000000000000000010000010011000000000000001010001000000001000000000001100001100000000000000000001000100000000000001000000000000
00000100000001100010000001010000000000000000000000000010000000000000000000000001000000000011000000100000000000000001000000011001000000000000000000001000000011000000000000110000000000001000000000000000
00000000000100000000110000010000100000000100000001000000000100001000000100000000000000000000000000000000000000000000001000000000100000100000000000000000100010100000000000101000000000000001000010000100
00000010000011100010000000001000010001110010000000000010000100000000001000100010000000000000000010000000010001000000000010000000010000000010000000000110001000000001000000000000000010001000000000100001
10000001000000000000000000000000100010000000001000000000100000000000010000100000000000000101001101100001100000000000000000011010000000110100100010001000000001000000000000000000000010000000000000000000
00000010101000000000000101000000000000000000000000000100000000000000000000001000100100000000001010000000000000000000000000010000100010001000010001000000011011000000001000000000000000000000000000010001
00001000100000000000000000000000000000101001001000000001000000010000100000100101000000000000000001000000000100000000000000000000110000000010000001000100000000010101000000000000000001001100000001010000
10000010001100001000001001000000000000001000000110000000000000000010001001000000000000010100010000001000000000000000000000000001100000000000100000001000000000000000010000010000100000000000001000110000
00000000010000000000000001000111000000000101000000010000000000000010000000000100000000000000010000000101010001000000000000010010000000000000010000000000100100001001000010000000011001010100000010010010
00010010000000001000000001000000000010000001100000000010000000000000000100000000000000001000000010100000010000011000000000000100001001000000000000001000100000000000000001000000000000001100010000000000
01001000101000001000000000000100000001000000000000000000000000000000000010001000000000010000011000000100000100000000100000000000000000000000000000000000000000000100000000000010000001010100010001000000
00000001100010000000000000000000000000100000000000000100001001000000000001000100100000001000010100000000000000100000001000000000000000010011000000010010000000000000000000100000001000010000010100000000
10001000000000100000000000000000001000000100000110000100010100000001000000000000000000000000000000000010000010000000001000100000000010011001000000000000000000000000100000000001000000110000000000100100
00000000010101000000001010010010000000000000000010001000000000000000000010100000001001100100010000010000010010000000000000000000010010000000101000000100000000000000010000000000001000000100000010000000
00000010000000001000001001000000000001000000000000000000000000000000000000000100010000000100000000010000000000000001000100000000000000000000100010000001000000001000000001011000000000000000000000011000
01011000000000000001000000000000000001000100000010000000000000000001000010000000001010000110100000000000000000000000000000000001000100000010000010001100000000000001000000010000000000000010100100100000
00000001000000000000000000000000000001000000010010000000011000000010000000000010000100001000000010000000001000010100000000100000000000000000000010100100001000000001100010100001000100101000010000000000
00010000100001000000000000000000000001000000001000000000000110000001000000000000000000000000010000000000000000000000000000000000011000000000000000000100100000000000100000000000001010100110000000000000
01000010000010100000100000000000001000000000010100000000000000000000000010101100000000000000010000000000000100000000000100000000000010000000000000000010000001000000000000000000000000000010000000000000
10000000000000000000000000000010000000000000000000010000000000000000000000000001001000000010000110000000100000100000000000000000001000010000001000000000000000000000001110000010100000001000000000000000
00000010010001000101010110000000000000010001000000001000000000000000000000000000000000000010100100000010000100000001000100010000000001000010001000100000000000100000000001000010100000011000010000100000
00000000010001000100001000000000000000000000000000000001000000000000100010000000000000001000000011000000000001000000000000000000000000010000000000000010001000000000000000000000010000001000100010000010
10100000110000000000001000000000000000000000100000000000000001000001100010000100000010000000000000000000000000000000000000000000110000000000000000000000000000000010000000000000010000000001000000001000
00000100100010000000000100010100000000000001000000000100000010000000000001000000011010100100000000000000000100000000000100000100000000001000000000000001000000000000000000000000000110000001000000000000
00000000100000000000000000001001000011000000001010000000000000000010000001000000010001110000000001000000100000000000000000100000000000010001001000000010000000000100000100000000000000101000000000000000
00001000000000110000010000000000000000000001011001000010000000000000000000000110000001000100100000000000000000000000000000000000000000010000000000010000000000000001000001000000010000000001010000000001
00010000000000000100000000000000000100000000000001000001000000000000100000100010000000001100010000001101000000000000000010101000000000000000000000000000000000000000000100000100011100000010000000100100
01100100000000000000000001000000010000000000000000000100000000010000100000000001000001000001000000000000100000000000000010001000100000000000100010000000100001000000000000000000100000000000000000000000
00000000000000000000000110001000100001000000000100000000000000000000000000000000000000000010100000000000000000000010100000100000100000010000000100010100000000000000001000000000000000100010000000000000
00101000000000100000000000001000000001100000000000000100000001111000001100010000000000100000011000000001010100000000001000000000000000010010000010000100000000000000000000000000000000001000000000000000
00100000000000000000100000000001000000110000000000000000000000000000100000000000000001000100000011100000010010001000000000000000000011000000110100100000000011100000000000100000010110000000000000100000
00000000000000000000000000000010010000100000000000000000000000000000000000000000100100000000000000000000000001001000010110000010000101000110000000010001000000100000010000000000101000110000100001000000
10000111110010001000000000000000000000000100001000000000000010000000110000010000001100000000110000000010000000110010000000000000000000001010100110001000000000000001100101000010001010000000000000000000
00100000010000000001000100000000000100000000000000000000100000001000000010000010111000010000001000100010000000001000000000000000000000000100000000000000000000000000000000000010000000000000000010000000
00000000000000010001000000000011111000000100000001000001111000000000000100000001001000000001000000000000000000000000000001000000000000000001000000000001010000000000000100001001000001100000000000001000
00100011000100000100010000000000000010000000001000000000110001000000000000010000000000100010001000000000001000010110000000010100000001000100000000000000000000000000000000000000010000000000100000001000
00010110000000000001000000000001010000000010010000000100010000000000000000000000000100000000000011000000000000100100000000100000000000000000000000000001000000001001010000001000000011001010100000000010
00000100000000101000000000000000100010100000000000000001000000000000000000000000000000001100000000000000000000000000011000000000000000001000000100000000111000000000000000100000000000010000000000000000
01001010000000000001000000011000000000000000000010000000000000000000100000100010000000000000000000000100000000000010000000000000000000000010000000000000000000000000010000000000000000000000110000000000
10101000000000000000000000000000001000010000001100000000000000000010000001000100000000001000001100000011100000000100001000000101000000000010110000000000000000100000000000000001000000000000000001000000
00010100100000000000100000000000000000100000010100001000000000000001001101000000010000000000000000010000000100000000000000010000000001001000000000000100000000000000100000001000001000000000000000000000
00000000001001010010000100010000000000000000000000000000000000000000000000000010001100000000000100000000000000000000000000000000000100000000001001000000010000110000000000000000000100000000000000000001
01000000010000000000000100000000000000010010010000000000000000000000100000001100000100000100000000000000010001000000100010000000000000000000000001000001000000000000010001000100000100000000000000000000
10000000010001000100000010000000000000000010000000000000000000010100000011000000000000000000000010000000000011000010000000000000000000000011000000110000000000001000000000000000000000000000000001011100
00000000000000000001000000000000000000000000000000000000000001000000000001000001000010000001000000000000000000000000100000000000000000000000000000010000000000000000000000010000000110000010100011000100
00000000000001000001000001011000000110000000000110010000000010000000100000000001100010000000000000000000000100000000000000001000000010000010000000000000000000000000000100000000001100000000001010000001
00000000010000000001000000000100000001001000000000000001000010000000000001010001000000000000000000011100000000000000100010000010000001000000000000000010001000100100000010000011000001000000000010000000
00000000010100000000000000001000000000010000010000010000110000000000110000000000000000001100000000000000000011000100001001000000001000000000000000000000001001110010000000011000000000000000010000000000
00000000000000000010000000000110001000000000000000000100000000000000100000010000000000000000100000001010000100100001010010101000000000000000000000010100000000010000000100000000001010000000000010000000
00000000000010000010000000000000001000000010000100000100000000000001000000000000000000000000000001100000000000010000000010000000000100000100000000000010000010000000000001010010000100000001000100100010
00000000000000000001000100000000000010000000000010000000101101000000000001110000000000000100000000000010100000000100000000000010000000000001000000100000000000000000000001010111000000010000101000000000
00000000000000100011000000000000000000000001000100000000000001000000000000000000101001101000000000000000000100000000000010000100000000000010100010001000000000000100000000000100001000000100000000000010
00010001000110000011000000000000000000000011000000010000000000000001000000010001000010000000001100000000000000001010000000001000000000000010000010000000000000100000000000100001000000010100010100000000
00000000000000100100000000010100000010110000100000010000000000000000000000000000000100001010010000000000000001000000100000010000000000001100000000000000000100100001101000100000010000100000000100000000
00000000000000010000001000000000000100000100000000000000000000000000100000001001010000000000100001000000001000000001010100000000000000011000001000000000000000000001000101000000000010000000000000000000
00000101010010000000101000000000011100000001000010100000001000000001000010010100000000001000010000000000000010000000000000100000000010000010001000000100010000000000000001000000100000000000100000000000
00000001000000000000000000000000000000010100000000000000000100000000000000100010100010000000100000000000000000000000000000000000101010000100000011100000000000000001100000000000000000010000000000000000
00011000000100000000000000000000011001000000001100000000001000000100000000000000010100100000000001001000100000010000001000100000000000000000000000001001000010100100000100001000000000000000110000000000
00000000000000000000000010000000000000001000000100000000010000000100001000000001000010100000010010001001000000001000000010011100100000000000000000000000000000000000010000001100010000000010100000000110
00001101000000010000000000000011000001000000000000000010010010000000000000000010000000101010001000000000000000000000001000010100000010000000100011000000000000000100010000100000000000000000000000000000
00000011000000100000000000000000100000100000110000001010100000001000000000000001000101001001000000010000001000000000100000000000000100000000000001100000000000000101000000011010000100101000010000000000
00000000000000000010100000000000010010000000100000000000000000100100000000000000000001001000000000000001010000100000000000000001000010000000011000000000000000000101010000000000000000000001000000001000
00101000000000000000000000000010000000000000000010100000000000000011010000100100000000010000000000000000000000001000000000010010000000001000000000000000000000000100001000000000000000000000000100000000
00000000001100000100000000000000000000000000000000100000000000000000000000010000001000001000000000000000000100010000000010000000010000000000000000000000000000000000000010001000100000000000000000000101
01000010000000000001000000000000000000100001000100000000000000000100000000000001000000000000010010000000000000010000100000000000001000000000000000110000000000000010000001000100000000000000000000000000
00001000000000010000001000000000000000000010000110000000000000000000000001000000000000000100100000000000010000000000000100000000000000000000100000000110000000001000000000000010000010001000000000000000
00000000001010000010000000000100000010000100000100000000000000000010010100110000100000010000000010000000000000010100000000000000100000000000000000000000000000101010000100000001000000000010000001000000
10100001000001000000100000000100000000000000000000000000000000000000000000000010000000000000010000000000010000001010000110000000011000000000000000000000000000000000000000000000000000100001000100000000
00000000000001000001000001000000001000000000000000000000010000000000010011000000010000000000000000010100000000000000000000000000000000000100000000000000010000100000000000000000000001000100000000000000
01000000100010000000000000000000000000000000000011010000000000010100000000100000000000000001000000000000000000001000000000000010000100000000100001000000001000001000001001000100000001000000000010001000
00000000000100010001110000000000000000000000000001100100000011000100000000000000000100000000001000000000100000000001000000000000000011100000011000010010000000000000000000000100000000100001001001011000
00100010000110000000010001100000000010000000000010000000000000000000000010000000000010000000000000000001000000101010000000000000000000000011000000010000001000000110000100000000000000100010010000100010
00000000110000000000000000001101000000001000100000001110000000000000110000000000000000001000000100000000000000000000000000000001000000000000000000000000000000000000000000000010010000000000000010100000
00000000000000000001000010000000000000000000000000011000000000000000000100000000001001000000000100000000100000001010100000000001000010000000000000000000101000100010100000000000000001001001000010000001
00000000000000000001010000000000000110000000000000000000000000000000010000100000000000000001010000100000000000000000001010000000000100000001000011010000010000000000000000000000100100000001000010000100
01000010000000000000000000000000000010000000000000000001000000001000100000000100000010000000000000000000000000000001000000000000000000000101101000010000000000010000010000000001001000000000000010101000
00000000001000000010000001000010001000000000000001000000000000100001101001100000010000010000000000010000000000010101010000010100000000001000011000000000000000100000000000000000100001000000000000000000
00000010000000000010100000001000000001000000000000000000001000000100011001000000000010000100100000000000001000000000000000000000100000001000000001000001100000010000010000000000000000100000000001110010
00010000000001001000000000001000001001000000000000000000000000000000000010000000000010010001000010000000000100001000000000001000000000000001000000001000000000001000000000000000000000000000001000000000
00100001000000100000001010001000000010000000000001000000000100000000000000000000010000000000000000000000000100001000000000010000000000000000000010000000000100010000000010000011000000010101011100000000
00000000000000000000000000001010000000000010000000000010000000000001000000100000010000000000101001000001100001000001001001001000100000000000110100000000000000001010001110000001000100010000000000000000
10000000000000001100000000000010000000011000000000000000001000000010000000000000000000000000000100100001010000000000000000011000000100100000000000001000100000000100100000000000000000001000000000000000
00000000110000000000000000100000000000000000000000000000001010000000101000000000001010000010011001101000000000000010100000000000000110001110000001010000000100000000000010000010000010000000000000000000
00001000000010001000100000100000000000000000000000000000000000000000000000000000000000000000000000010010000000001000000001000100000010010000101000000000010000000000010100000010010000000000000000000001
00000000000000001000000001000000000000000000000100100010000000000100000000100001000000000001010000001000010000100000100000000000000000000000000010001000000100001000101000000000000000000000010000001000
00000010000000001001000100000100010100000100000000000001001000000000100000001000100000010010100000010000001100000000010000000000100000100000000000000000100000000000000100000000000000000010000000000000
10000001000010000000001010000110000000100000000001000010011000000000000010000010000001000101100000000000000000001000000000000100000000100000000000000010000000000000100000000110000000000000000000000000
00000000000101000000000000000000010000000000000000000001000000000100000000010000000000000000000000000000000010000000000000000000000000000000000000000000000000000000000000000000100000000000000000000000
00000000000000001000000000000000000010000000011000001001010000000000000000100010000000000000000010001010000001000110001100001000101000000000000000000010000000000100000000000001010000000000100001000010
01000001000000000000011000000010100000000010000000101010010000000010000000000000000100010000100000001001000000000000000010100000000000000000000010000000000000000000000000000001000000000100000010100001
10101000101100000010000000000110001000000000001000001000000000001000001000010010000000010000000000100010000000010100000000000000000000000000000000000001000000010001000000000000000000100000000000000000
00000000100000000010000100000000000100000001000000011000000000000000100000000010100110000010000000000000000000000000000010010100001000001001000000100001100000000000100000100001000000000000000000010000
10000000000010000000001000000001000000000001110000000000101001000000000010000001110000000000100100010011000000000000000000000010010000100000000000100000000010101000000000100000000000000000100000001001
00000000000000000000000001001010100000001000000000011000100000000000000001000110000000000000100000000000000001101000000001000000000000010000000000000000000000000000010000000000000000100100000100000000
00000001010001000000000100000000001000000000000100000000000000100000000110100000001000011000011000000000000000010000001000010010000000000000000000000100000000000000000000000001000000000100000010000010
00000000100000000001000001010101000101100000010000000000000000000000000001000001000000000000000010000100000001010000000000000000001000010000010000000000000000010000000000000000010000000010000001000000
10010000000000000000000000000010000000000000001000100001110001000100000010000000000000100000000000000000000010000000100000000000000010001000000001000100000100000010000001100100000001000000000100000000
10001000010100000000000000000000100000010000000000000001000000010100000000100001000000001001000000010000000000001000000100000000001000010000001010000000000000000000000010100000000000000000000000000000
01000000000000001000111000000000000000001000000001100000010000001000001101000000010000100000000000000100000001000010000000100000000000000101000000100001001000000011101000001000000000000000000000000000
00000000000000010000000000000010000000000000000000000000101000000100000000010111000000000000000010000010000000000000000000010001000000000000000000000000100000100000100000001000000000000000001000101010
00000000100000001000100010000000000000000010000000000000000000000001000000000000000001000001001100101000000000000000000000000010010000000000000010100000000000000000000000100000100000000000000001001110
00100000000100000010000000000001000100100000011000000100000100000001000000000000000000100000001000001000000001100000000000000000000010000000000001000000000000000000000001000000001000000000010000000100
00000000000000000100100010010100000001100000101000000000001000010000000000100100000001000000000000000100000000100000000000000000000000100000001010000000000000100100000001101000100000010000110000000000
00000000000010010000000000001100000001000000000000010100000001000001100000000000000000001000000000000000000001000000000000000001000101000000001000000000000100000000001000000000000000000100000000001010
10010000000100001000000000000000000010100000001000000001000000000100010100000010000000011000000000001000001000001100010010000100000000001001010010010000001001011000000100100000000010100010000010000001
10100001000010000000010000000000110010000000000000000000001000000111001000011000000000000000000000000110000000000100000000000000000001010001000001001000000000000100000000000000000000000000000000000000
00000000000000000001000000010000000100010101000000100000000000010000000000000000000000100000000100000000000000000000000010000010000000000000000000000000100000000000001000000001000000100001101000000101
10000000000011000010000000101000000000001000000000000001000110000000000000000000001001000000000110000100000001000100000100010000100000010010000000000000000010000000100000010110000000000000000000000000
10000000000000010001100000100001000000010000000000000000000000100010100000010010010000100000000000000010010000010000100001010010000100010001101100000000111000000000000000000000000000100001000000000000
00000000001000100010100000000000000001000000100010000000000000000000000000000001000000000000000000000010100001000000101000010000010000001000000000000110000000000100000000000000010000000000010000010000
00000000000000000001000010010010000000000000001010000110000000001101010000000000000100001000001000000100001000100000000000000000000000000000000010000000000000000000000100000000000000000000000001000000
00000001100100011000010000000001110000000000000000000000100000001000000010001000000100000000100000011110000000100000100000000000010000000100000000000000001000000010010000000000100100100010000001000100
00000000110000100010000000100000100000000100011000010000100000011000000000000100001000001000100000010000000100000000000000000101000000000000000000001000100010000000100000000000000000000000101000000000
00100000110000000100000000101000100100001000000000000000000010000000000000001000000100000100000000100000000100000100000000001000000000000000010001000000000000000000100010001100000000010000000100000001
00000100000000000001100010000001000100000000000010010000001000000000000000000000000000000000000000000010000000000000000001000010010000001011011010000000000001000001001000000001000000000000000000000000
00000000000100000000000000100000000000000000100000000100000000011010000000001000100010000001010000100100101001000000000000100000001000000010010000000000010000000010000000010000001100000000010000010000
00100000000000000000000000010000001001011010000000110000000000101000000000010100000000000000000100000000000000100000000001000100000100000000100000001001000010000000000000001100000000000000000001000000
10000000000000000000000000000000000000100000000000000000000000000000000001010001000000000000000000000000000101000011000001101000010010010100000000000000000000010010000000011010011010000010000000100100
00000000000000000000000000001000000100000000000000011000100100000010000000010001000000000000100000100000000000000000000000000100000000000000000100000000000010000000000000000100000000000000100000000000
00000010001000000000000010000001001100010000000010000011001000000000000000000000000000100000000000100001010101010000000000000000001000010000000100010001100000010000000000001010010000100000010000000000
00100100000100001100000000000000001000000000000000000010100100001011000000110000000000010000000100000100000000001010000001001000010000100000000010000100100001011001000000000000000011100100000000000000
11000000000000001000000011000000000000000100000010110000000000000000000000001000000000000100100010000010010100000100110100000001100000000000000000000000000100000000101100000010000001000000000000000001
00000001000000000000000000000001100001000000111000000100000000000000001000000001000000001000000000011000000000100000000000010000000000000000000000000000000100000100000000000000001001001001010010100000
00000000010000000000100000000000100000011001000000000000000000000000001000000010100010111000001000000001000010000100000001000000000000000000100000000100000000000110000000000010000000001000101010000010
01000000010001000000000000000001000001000000000001000000001000000000011000000000000000000110000000000000001000000010000000000000000000010010000001000000000100000000000000000100000100001100000000010000
00100000000000000001000000000000000000010000000000100110001000000000000000000000000000000000000000110001000000001010000001010010000000000000000000000000000100000000000000000000000110010000000000000000
00000000000000000010000000000000010000000000010000000000010000000010000000000000000010000000100000000100100000011000000100100000000000000000100001000000100001100100000000000000010000000010001000000000
00000000000000000000001010000000001000001000000000000000000100100000000000010001110101000000000001100100000001000010010000000000000000000001000000010010000010000100000000000000000000000000000100000000
00000000000000000100000001000000010000001010000101000100000011000001000000100010000010000000000010000011000000010000000000000000010000001010000000000000000000000000000000000000000011000000000001000000
00000000000000100000010000000100000000000000100000010000000000000000000000000110000000000000000100001001000000000000000100000100100101010000110000000000000000000000001100001000001000000000000000000010
00101000000010000000000000000000100000000000000000000010000011100100100000001000000000000000001010000000001010100000000100011100100001001011001000000001100000000110000000000010010000000000000000000000
00000010000000000000000000000000001010000000000000000000000100010000110000000000000000001000000000100000000000000000000000000001000001000000000000000100000010101000000000000000000000000000001100000100
10000000101000000000000000000000000010010000010010000000000000000000010001011000000000000000000000001000000000000100000000100000000000000000000000000000010000000000000000000000000001001001000000001100
01000000000010000000010100100000000010010000000000000001000000000100000010000000000010000001010000000010000000000000001000000000001001101000000000000001000100000000000000001000100010000000000000100000
00000100000000000000010000000000000000100000010001001010000000010100000000011110000000000000000010000000000000100010100000000000000000000000001011000000000000100000010010011000010000000000010100011000
00001000001000110011000000010010000010011001010000000000000100000000010000110000000000000000001000001010000000000000000000000000001000000000000000001000010000001000000000000000000100101000100100000000
00000000000000000000000000000000010000000000000001011100000000000000000000000001000110000000000001000000000010000000000000000010000000000000100000010010000100000000000001010000000000100000100011000000
00000000000000100000000000000000000100001000010000010000000000000000000000000010000000000000100101010000101000010000000000000100110100000011000000000000011000000001100000000000000000000000001000010100
00000011000000011000010010000000010000001000000000111010100001000000010000000000000000000010000000000000000100000000100001010000000000000000100000000000000000000000100000000000000000010001000000000000
01000010000000000000010101000000001000010000000000000000000000000000010100000000000000000000010000000010000000000010000000000101011000100000000000010100000000000100000000000000000010000000000000000000
00000000000000110000010000000010000000000000111000000000001000000000000000000000000000010000010000000000000000010011000000000000010000000000001000000100000000000001000001000000010000000000010000001000
00011010000000000001000000000001001000010000000000010000000100000100000000000000000100000010000001000001000000000000000110000000000011000000100000000000000000010000010000000000100000001000000000000000
00000000000100100000000000100000000010000100001100100100001001000000000010000000000000000000000000000000000000010100010000000110000000000000010000000000000100000000100000000000100101000000000010001000
00100001110110000000100000000000000000000100000100010000000000000000000000000001010000000010000010001001010000010000000001100000000100001000010100000001000010000000010100000000000000010000000000000001
00000000000000000010000010000000100000000000000000000000000001010001000000000001000000001000001100000000000000100000100000000000000000000000000001100100000000010000100100110100000000000000000100000100
01000000001110000010000001000000000000101000000010000100000000000000000000100010000000000000001000000000000110001100010000000000010010000000010000001000001100000000001000001000000010000000000000000010
00000000000000000110000000000000000000000000000000000011000010000000000000010000000100011000101000000000101000000000000101000011001001000001010000000100100001001001000000001010000000101000001100000001
00000000100000000000100001000000000000000000000000000010110000010000000010000110001010001000000000000000000001000000000010001000101000101000001010000010100000010000110000001000000001001010001000001000
00000000000000000100100000001000000000100000000000000010000011100000001000000110000000000000000000001000101000001000001000000000000100000000000000000000001000000000010000000100000000011010000001100000
00000000000100000000100000000000010000100010000000000010001000100000000000001000000000000000000010000001000010000000100010000000000100000000000101000000001000000000000000100000110000000001000000000011
00000100001100000000000000011000000000000000000100000000000010000001000000010010100000000000000000000000001000000000000000000000001000010000000000000000000010000000000100000000010000000100000000001100
00000000000000000000000000000000000000000000001000110000010100000000000000010001000010000000101100100001000000000000000000010000100000000010100100011010000000000100000000000000000000101000001000100000
00001010100000100001000010000010001001000000000100000000000000000000000000010010000000000000000000000100000010100001000000000000000001000010100100010011011000000000010010000001001000000000000000000001
00000100001000000000000000000000001010100000000000000000010000000000000000000100000000000010001000000000000100000100000000000000000000001000011001001001000101000101000100000000000000000001000000000000
00000000000000000101000000010000000000000000000000000000100000000000000100100100000000100000000010001000000010000000110000000000000000000100011011001100000000000110010000000000100100000000010000000000
00000000000000001000000100000000000000000000000000110000000010000100010000010000000000000001100000010000000010000000000000100010000000000000000001000000000000000010000010000000000001010001000000000001
00000000000100100000100000000000010000010001001000000000000001011000011000000000000100000000000000000010000000100010000000000000001000001000000000001000000000000001000010000000000000100000001000100110
10000000011000001100000000010000000001000000100100000000000000010000000100000000000000101000000000000000000000000011000100000000000001001000000011000001000000000000010000000000010000000011010001000000
00000001000000000000010000100000000000001000000001000000110000011100010001000000000000000000000010100000000000101000100000000000000000000100000000000110000100100000000010000000110000000101000100000100
00000010000100000000001111100010000001010000000001000000001000100000001000100000010100100000000000100010000000000000000000100010001000000000000000000000001000010000000001010000000100000000010000101000
00000000000000000100000010000000100001000000100001100000000000000000000000000000000000100000000000010000000000001100000000000000000000000000100000000000100000000100000001000001000100010001000010000000
10001000000010000010000000000000100000000000000000000001000000000000000011000000000000000100000000010110000000000000000001000000010000000000000011000000100000000000000000001000000111001000000101100000
01000000100000000000100010000000010000000000000000000000000001000100101100000000000000000000000100000000000001000000000000000100000000000000000000000000100000000000000000000000100000000000100000110000
